# unix_time, cycles_done, cur_path, paths_total, pending_total, pending_favs, map_size, unique_crashes, unique_hangs, max_depth, execs_per_sec
1601616539, 0, 1, 179, 178, 59, 2.01%, 0, 0, 2, 2889.97, 14773
1601616544, 0, 6, 280, 278, 74, 2.17%, 0, 0, 3, 3067.95, 30383
1601616549, 0, 44, 303, 293, 82, 2.22%, 0, 0, 3, 3065.17, 45754
1601616555, 0, 64, 343, 330, 84, 2.23%, 0, 0, 3, 3073.17, 61625
1601616560, 0, 92, 388, 370, 88, 2.25%, 0, 0, 3, 3085.31, 77637
1601616565, 0, 122, 405, 381, 83, 2.27%, 0, 0, 3, 3051.36, 92974
1601616570, 0, 141, 413, 386, 84, 2.28%, 0, 0, 3, 3046.76, 108255
1601616575, 0, 183, 439, 409, 85, 2.28%, 0, 0, 3, 2965.43, 123542
1601616580, 0, 223, 453, 419, 82, 2.32%, 0, 0, 3, 2948.29, 138360
1601616585, 0, 255, 463, 425, 84, 2.38%, 0, 0, 3, 2913.26, 152908
1601616590, 0, 279, 474, 423, 76, 2.41%, 0, 0, 4, 3056.31, 168234
1601616595, 0, 295, 476, 419, 73, 2.43%, 0, 0, 4, 3030.69, 183466
1601616600, 0, 318, 486, 424, 71, 2.44%, 0, 0, 4, 3085.73, 199201
1601616605, 0, 341, 492, 422, 67, 2.44%, 0, 0, 4, 3049.68, 214417
1601616610, 0, 358, 502, 425, 65, 2.45%, 0, 0, 4, 3080.72, 229990
1601616615, 0, 379, 502, 417, 57, 2.45%, 0, 0, 4, 3072.40, 246015
1601616620, 0, 403, 511, 416, 51, 2.45%, 0, 0, 4, 3050.79, 261343
1601616625, 0, 429, 514, 412, 46, 2.45%, 0, 0, 4, 2928.70, 276032
1601616630, 0, 447, 518, 411, 41, 2.45%, 0, 0, 4, 2871.00, 290377
1601616636, 0, 456, 528, 417, 44, 2.50%, 0, 0, 4, 2898.28, 304966
1601616641, 0, 462, 546, 429, 43, 2.62%, 0, 0, 4, 2991.72, 319927
1601616646, 0, 472, 574, 452, 50, 2.78%, 0, 0, 5, 3025.54, 335322
1601616651, 0, 483, 587, 460, 57, 2.80%, 0, 0, 5, 3084.66, 350871
1601616656, 0, 493, 591, 458, 53, 2.80%, 0, 0, 5, 3069.08, 366339
1601616661, 0, 495, 602, 467, 57, 2.80%, 0, 0, 5, 3056.48, 381594
1601616666, 0, 500, 610, 472, 54, 2.80%, 0, 0, 5, 3036.17, 397434
1601616671, 0, 508, 614, 472, 53, 2.81%, 0, 0, 5, 3082.50, 413064
1601616676, 0, 524, 616, 469, 48, 2.81%, 0, 0, 5, 2917.38, 427868
1601616681, 0, 534, 637, 487, 48, 2.83%, 0, 0, 5, 2876.19, 442470
1601616686, 0, 538, 652, 501, 48, 2.87%, 0, 0, 5, 2885.18, 457506
1601616692, 0, 547, 664, 505, 55, 2.92%, 0, 0, 5, 3019.31, 473198
1601616697, 0, 565, 685, 519, 54, 2.98%, 0, 0, 6, 3107.69, 489095
1601616702, 0, 585, 696, 524, 57, 3.01%, 0, 0, 6, 3094.26, 504524
1601616707, 0, 594, 700, 522, 53, 3.01%, 0, 0, 6, 3098.73, 520114
1601616712, 0, 605, 704, 521, 52, 3.01%, 0, 0, 6, 3091.30, 535656
1601616717, 0, 617, 712, 525, 49, 3.02%, 0, 0, 6, 3092.51, 551396
1601616722, 0, 631, 715, 524, 52, 3.02%, 0, 0, 6, 2927.34, 565966
1601616727, 0, 643, 727, 533, 49, 3.04%, 0, 0, 6, 2508.38, 578938
1601616732, 0, 646, 735, 539, 49, 3.04%, 0, 0, 6, 2403.72, 590383
1601616737, 0, 655, 740, 539, 47, 3.06%, 0, 0, 6, 2804.48, 605008
1601616742, 0, 669, 750, 538, 44, 3.10%, 0, 0, 6, 2984.82, 620180
1601616747, 0, 684, 769, 551, 38, 3.11%, 0, 0, 7, 2996.96, 635278
1601616752, 0, 699, 775, 548, 33, 3.12%, 0, 0, 7, 3007.30, 650435
1601616757, 0, 703, 785, 555, 37, 3.12%, 0, 0, 7, 3012.04, 665417
1601616762, 0, 710, 791, 555, 31, 3.18%, 0, 0, 7, 3083.54, 680931
1601616767, 0, 740, 794, 551, 29, 3.19%, 0, 0, 7, 2986.98, 695811
1601616772, 0, 765, 805, 557, 27, 3.21%, 0, 0, 8, 3034.89, 711236
1601616777, 0, 780, 810, 555, 26, 3.23%, 0, 0, 8, 3032.03, 726613
1601616782, 0, 789, 817, 556, 23, 3.23%, 0, 0, 8, 3050.95, 742091
1601616787, 0, 792, 832, 568, 30, 3.27%, 0, 0, 8, 3048.29, 757697
1601616793, 0, 803, 845, 575, 27, 3.28%, 0, 0, 8, 3053.90, 773151
1601616798, 0, 808, 852, 578, 26, 3.29%, 0, 0, 9, 3020.96, 788403
1601616803, 0, 824, 855, 575, 23, 3.30%, 0, 0, 9, 3072.62, 803836
1601616808, 0, 834, 862, 577, 19, 3.31%, 0, 0, 9, 3072.21, 819433
1601616813, 0, 846, 872, 584, 17, 3.32%, 0, 0, 10, 3029.01, 835156
1601616818, 0, 851, 882, 592, 15, 3.32%, 0, 0, 10, 2990.60, 850236
1601616823, 0, 861, 892, 596, 21, 3.35%, 0, 0, 10, 3097.91, 865870
1601616828, 0, 879, 904, 605, 19, 3.36%, 0, 0, 11, 3021.02, 881413
1601616833, 0, 884, 907, 604, 20, 3.37%, 0, 0, 11, 3043.59, 897021
1601616838, 0, 892, 918, 609, 20, 3.38%, 0, 0, 11, 3073.35, 912545
1601616843, 0, 903, 922, 610, 18, 3.38%, 0, 0, 12, 3040.47, 927722
1601616848, 0, 914, 934, 617, 16, 3.39%, 0, 0, 12, 3086.00, 943275
1601616853, 0, 930, 943, 621, 16, 3.41%, 0, 0, 13, 3107.88, 958855
1601616858, 0, 942, 946, 617, 11, 3.41%, 0, 0, 13, 3102.85, 974610
1601616863, 0, 945, 956, 625, 11, 3.42%, 0, 0, 14, 3155.85, 990683
1601616869, 0, 954, 968, 633, 15, 3.43%, 0, 0, 15, 3155.38, 1007004
1601616874, 0, 964, 971, 632, 11, 3.43%, 0, 0, 16, 3163.79, 1023363
1601616879, 0, 973, 983, 641, 16, 3.47%, 0, 0, 18, 3110.56, 1039420
1601616884, 0, 976, 989, 644, 18, 3.48%, 0, 0, 18, 3117.52, 1055576
1601616889, 0, 987, 990, 639, 12, 3.48%, 0, 0, 19, 3096.43, 1071631
1601616894, 1, 389, 991, 634, 7, 3.48%, 0, 0, 19, 3085.92, 1087045
1601616899, 1, 635, 992, 629, 4, 3.48%, 0, 0, 19, 3010.59, 1102285
1601616905, 1, 991, 997, 629, 4, 3.50%, 0, 0, 19, 2981.52, 1117455
1601616910, 1, 995, 997, 626, 1, 3.50%, 0, 0, 19, 2948.54, 1132341
1601616915, 1, 1001, 1008, 635, 0, 3.50%, 0, 0, 19, 3053.59, 1147750
1601616920, 1, 1005, 1011, 636, 0, 3.50%, 0, 0, 19, 3068.36, 1163418
1601616925, 2, 11, 1011, 632, 0, 3.50%, 0, 0, 19, 3037.50, 1178676
1601616930, 2, 45, 1011, 626, 0, 3.50%, 0, 0, 19, 3048.39, 1193983
1601616935, 2, 98, 1013, 620, 0, 3.50%, 0, 0, 19, 3039.97, 1209339
1601616940, 2, 131, 1015, 616, 0, 3.50%, 0, 0, 19, 3041.95, 1224613
1601616945, 2, 152, 1015, 609, 0, 3.50%, 0, 0, 19, 3014.30, 1239804
1601616950, 2, 180, 1018, 607, 0, 3.50%, 0, 0, 19, 2945.89, 1254860
1601616955, 2, 696, 1021, 606, 2, 3.50%, 0, 0, 19, 2975.12, 1270244
1601616960, 2, 1018, 1025, 606, 3, 3.50%, 0, 0, 19, 3047.13, 1285547
1601616965, 2, 1023, 1028, 607, 1, 3.50%, 0, 0, 19, 2956.59, 1300120
1601616970, 3, 19, 1029, 605, 0, 3.50%, 0, 0, 19, 2996.84, 1315169
1601616976, 3, 44, 1029, 599, 0, 3.50%, 0, 0, 19, 3046.61, 1331042
1601616981, 3, 165, 1032, 597, 1, 3.50%, 0, 0, 19, 3011.95, 1346164
1601616986, 3, 485, 1032, 592, 1, 3.50%, 0, 0, 19, 2979.82, 1360938
1601616991, 3, 957, 1033, 589, 1, 3.50%, 0, 0, 19, 2986.82, 1375868
1601616996, 4, 631, 1037, 589, 1, 3.50%, 0, 0, 19, 3000.61, 1391017
1601617001, 4, 963, 1037, 588, 0, 3.50%, 0, 0, 19, 3091.09, 1406606
1601617006, 4, 973, 1040, 591, 0, 3.50%, 0, 0, 19, 3096.68, 1422179
1601617011, 4, 980, 1040, 588, 0, 3.50%, 0, 0, 19, 3097.96, 1437687
1601617016, 4, 1040, 1041, 589, 1, 3.51%, 0, 0, 19, 3081.59, 1453751
1601617021, 5, 189, 1043, 589, 1, 3.51%, 0, 0, 19, 2992.51, 1468856
1601617026, 5, 1043, 1046, 589, 2, 3.53%, 0, 0, 19, 3012.65, 1483924
1601617031, 5, 1045, 1053, 595, 3, 3.53%, 0, 0, 19, 3039.68, 1499082
1601617036, 5, 1048, 1053, 594, 3, 3.53%, 0, 0, 19, 3044.20, 1515046
1601617041, 5, 1052, 1054, 593, 1, 3.53%, 0, 0, 19, 3049.91, 1530448
1601617046, 5, 1055, 1058, 596, 1, 3.53%, 0, 0, 19, 3104.80, 1546149
1601617051, 5, 1058, 1061, 598, 1, 3.56%, 0, 0, 19, 3127.24, 1561922
1601617056, 5, 1060, 1063, 599, 2, 3.56%, 0, 0, 19, 3125.38, 1577732
1601617061, 6, 50, 1063, 598, 1, 3.56%, 0, 0, 19, 3114.25, 1593475
1601617066, 6, 949, 1063, 594, 0, 3.56%, 0, 0, 19, 3082.34, 1609033
1601617071, 6, 1026, 1064, 593, 1, 3.56%, 0, 0, 19, 3019.73, 1624246
1601617076, 6, 1039, 1066, 594, 1, 3.56%, 0, 0, 19, 2973.04, 1638856
1601617081, 6, 1063, 1067, 594, 1, 3.56%, 0, 0, 19, 3096.25, 1654429
1601617086, 6, 1064, 1067, 593, 0, 3.56%, 0, 0, 19, 2990.69, 1669424
1601617092, 6, 1066, 1068, 593, 0, 3.56%, 0, 0, 19, 3105.06, 1685173
1601617097, 7, 38, 1069, 591, 0, 3.56%, 0, 0, 19, 3062.95, 1700452
1601617102, 7, 102, 1070, 586, 0, 3.56%, 0, 0, 19, 3038.85, 1716199
1601617107, 7, 155, 1073, 584, 0, 3.56%, 0, 0, 19, 2987.94, 1731757
1601617112, 7, 173, 1073, 579, 0, 3.56%, 0, 0, 19, 2906.59, 1746334
1601617117, 7, 194, 1074, 576, 0, 3.56%, 0, 0, 19, 2906.69, 1761111
1601617122, 7, 222, 1075, 573, 1, 3.56%, 0, 0, 19, 2853.23, 1775426
1601617127, 7, 1026, 1078, 572, 3, 3.56%, 0, 0, 19, 2857.05, 1790689
1601617132, 7, 1075, 1083, 576, 3, 3.56%, 0, 0, 19, 2936.40, 1805487
1601617137, 7, 1080, 1084, 575, 2, 3.56%, 0, 0, 19, 2956.52, 1820528
1601617142, 7, 1083, 1094, 584, 3, 3.57%, 0, 0, 19, 2913.58, 1834985
1601617147, 7, 1087, 1100, 589, 3, 3.57%, 0, 0, 19, 2983.87, 1850095
1601617152, 7, 1093, 1105, 593, 3, 3.57%, 0, 0, 19, 2964.58, 1864846
1601617157, 7, 1095, 1105, 592, 3, 3.57%, 0, 0, 19, 2999.08, 1879806
1601617163, 7, 1104, 1114, 600, 2, 3.57%, 0, 0, 19, 2957.33, 1895119
1601617168, 7, 1108, 1121, 606, 1, 3.58%, 0, 0, 19, 2957.41, 1910421
1601617173, 7, 1111, 1124, 608, 2, 3.58%, 0, 0, 19, 2956.87, 1925780
1601617178, 7, 1114, 1127, 610, 2, 3.58%, 0, 0, 19, 2970.78, 1940771
1601617183, 7, 1119, 1132, 614, 1, 3.58%, 0, 0, 19, 2959.69, 1956108
1601617188, 7, 1124, 1132, 613, 0, 3.58%, 0, 0, 19, 2958.08, 1970954
1601617193, 7, 1131, 1132, 612, 0, 3.58%, 0, 0, 19, 3019.33, 1986652
1601617199, 8, 39, 1133, 610, 0, 3.58%, 0, 0, 19, 3044.33, 2002371
1601617204, 8, 80, 1137, 610, 0, 3.58%, 0, 0, 19, 3064.37, 2017788
1601617209, 8, 121, 1137, 605, 0, 3.58%, 0, 0, 19, 3029.58, 2032939
1601617214, 8, 158, 1139, 602, 0, 3.58%, 0, 0, 19, 3033.56, 2048579
1601617219, 8, 480, 1141, 601, 1, 3.58%, 0, 0, 19, 2964.15, 2063727
1601617224, 8, 990, 1142, 600, 2, 3.58%, 0, 0, 19, 2910.44, 2078126
1601617229, 8, 1021, 1153, 610, 2, 3.58%, 0, 0, 19, 3016.83, 2093544
1601617234, 8, 1139, 1158, 614, 3, 3.58%, 0, 0, 19, 2356.36, 2105295
1601617239, 8, 1151, 1160, 614, 2, 3.58%, 0, 0, 19, 2865.71, 2120081
1601617244, 8, 1155, 1163, 616, 2, 3.59%, 0, 0, 19, 3014.65, 2135396
1601617249, 8, 1164, 1165, 616, 0, 3.59%, 0, 0, 19, 3050.55, 2150714
1601617254, 9, 7, 1165, 614, 0, 3.59%, 0, 0, 19, 3014.93, 2165815
1601617259, 9, 52, 1169, 614, 0, 3.59%, 0, 0, 19, 3028.68, 2181680
1601617265, 9, 100, 1172, 611, 0, 3.59%, 0, 0, 19, 3031.32, 2197459
1601617270, 9, 993, 1176, 611, 1, 3.59%, 0, 0, 19, 2887.88, 2212291
1601617275, 9, 1034, 1182, 615, 3, 3.59%, 0, 0, 19, 2959.92, 2227545
1601617280, 9, 1107, 1182, 614, 3, 3.59%, 0, 0, 19, 2971.02, 2242772
1601617285, 9, 1175, 1186, 616, 3, 3.59%, 0, 0, 19, 2999.22, 2258460
1601617290, 9, 1179, 1188, 617, 3, 3.59%, 0, 0, 19, 3060.44, 2273827
1601617295, 9, 1185, 1189, 616, 2, 3.59%, 0, 0, 19, 3046.61, 2289632
1601617300, 9, 1188, 1192, 618, 2, 3.59%, 0, 0, 19, 3033.37, 2304844
1601617305, 9, 1189, 1193, 618, 1, 3.59%, 0, 0, 19, 3018.06, 2319952
1601617310, 10, 45, 1193, 615, 0, 3.59%, 0, 0, 19, 3036.05, 2335218
1601617316, 10, 102, 1193, 612, 0, 3.59%, 0, 0, 19, 3026.81, 2350800
1601617321, 10, 144, 1193, 609, 0, 3.59%, 0, 0, 19, 3031.82, 2366621
1601617326, 10, 170, 1193, 604, 0, 3.59%, 0, 0, 19, 2996.36, 2382186
1601617331, 10, 206, 1196, 602, 0, 3.59%, 0, 0, 19, 2969.69, 2397249
1601617336, 10, 238, 1196, 597, 0, 3.59%, 0, 0, 19, 2908.18, 2411790
1601617341, 10, 259, 1196, 592, 0, 3.59%, 0, 0, 19, 2919.65, 2426382
1601617346, 10, 287, 1196, 588, 0, 3.59%, 0, 0, 19, 3011.62, 2441487
1601617351, 10, 314, 1196, 582, 0, 3.59%, 0, 0, 19, 3027.32, 2456735
1601617356, 10, 346, 1197, 579, 0, 3.59%, 0, 0, 19, 3052.81, 2472530
1601617362, 10, 367, 1197, 573, 0, 3.59%, 0, 0, 19, 3052.99, 2488352
1601617367, 10, 598, 1199, 571, 1, 3.59%, 0, 0, 19, 3059.59, 2504207
1601617372, 10, 1130, 1201, 570, 3, 3.60%, 0, 0, 19, 3029.56, 2519485
1601617377, 10, 1130, 1206, 575, 3, 3.60%, 0, 0, 19, 3014.46, 2534917
1601617382, 10, 1199, 1208, 575, 5, 3.61%, 0, 0, 19, 2969.81, 2549383
1601617387, 10, 1202, 1216, 581, 5, 3.61%, 0, 0, 19, 2993.07, 2564819
1601617392, 10, 1203, 1224, 588, 4, 3.61%, 0, 0, 19, 2973.11, 2579856
1601617397, 10, 1205, 1226, 589, 4, 3.61%, 0, 0, 19, 2917.22, 2594973
1601617402, 10, 1207, 1228, 590, 4, 3.61%, 0, 0, 19, 3016.70, 2610056
1601617407, 10, 1221, 1231, 591, 3, 3.61%, 0, 0, 19, 3031.23, 2625360
1601617412, 10, 1221, 1232, 592, 3, 3.61%, 0, 0, 19, 3033.81, 2640574
1601617418, 10, 1228, 1233, 591, 1, 3.61%, 0, 0, 19, 3016.80, 2656182
1601617423, 10, 1233, 1237, 594, 1, 3.61%, 0, 0, 19, 3055.38, 2671778
1601617428, 10, 1237, 1239, 594, 0, 3.61%, 0, 0, 19, 3043.04, 2687175
1601617433, 10, 1237, 1241, 596, 0, 3.61%, 0, 0, 19, 3047.46, 2702855
1601617438, 11, 18, 1241, 594, 0, 3.61%, 0, 0, 19, 3034.44, 2718069
1601617443, 11, 85, 1241, 591, 0, 3.61%, 0, 0, 19, 3028.56, 2733782
1601617448, 11, 142, 1241, 589, 0, 3.61%, 0, 0, 19, 3007.96, 2749353
1601617453, 11, 894, 1242, 585, 1, 3.61%, 0, 0, 19, 2984.62, 2764762
1601617458, 11, 1160, 1243, 584, 1, 3.61%, 0, 0, 19, 2791.48, 2778648
1601617464, 11, 1241, 1249, 590, 2, 3.61%, 0, 0, 19, 2887.60, 2794073
1601617469, 11, 1242, 1250, 590, 1, 3.61%, 0, 0, 19, 2985.02, 2809089
1601617474, 12, 4, 1250, 588, 0, 3.61%, 0, 0, 19, 3033.31, 2824376
1601617479, 12, 58, 1250, 585, 0, 3.61%, 0, 0, 19, 3023.12, 2839530
1601617484, 12, 123, 1250, 581, 0, 3.61%, 0, 0, 19, 3036.90, 2855200
1601617489, 12, 164, 1251, 578, 0, 3.61%, 0, 0, 19, 2977.83, 2870691
1601617494, 12, 196, 1252, 575, 0, 3.61%, 0, 0, 19, 2910.83, 2885166
1601617499, 12, 223, 1255, 575, 0, 3.61%, 0, 0, 19, 2897.46, 2899840
1601617504, 12, 250, 1255, 571, 0, 3.61%, 0, 0, 19, 2859.93, 2914360
1601617509, 12, 279, 1255, 567, 0, 3.61%, 0, 0, 19, 2974.59, 2929206
1601617514, 12, 341, 1255, 563, 0, 3.61%, 0, 0, 19, 3018.06, 2944936
1601617519, 12, 372, 1255, 560, 0, 3.61%, 0, 0, 19, 3027.02, 2960586
1601617525, 12, 400, 1256, 557, 0, 3.61%, 0, 0, 19, 3041.73, 2976322
1601617530, 12, 416, 1257, 552, 0, 3.61%, 0, 0, 19, 2963.74, 2991307
1601617535, 12, 941, 1261, 552, 1, 3.62%, 0, 0, 19, 3013.98, 3006766
1601617540, 12, 1096, 1268, 557, 1, 3.62%, 0, 0, 19, 3040.60, 3022200
1601617545, 12, 1254, 1268, 556, 1, 3.62%, 0, 0, 19, 2988.80, 3037128
1601617550, 12, 1257, 1269, 556, 1, 3.62%, 0, 0, 19, 2886.65, 3050966
1601617555, 13, 1, 1269, 554, 0, 3.62%, 0, 0, 19, 2947.28, 3065978
1601617560, 13, 67, 1269, 554, 0, 3.62%, 0, 0, 19, 2991.41, 3081473
1601617565, 13, 124, 1269, 551, 0, 3.62%, 0, 0, 19, 3014.64, 3097083
1601617571, 13, 162, 1270, 551, 0, 3.62%, 0, 0, 19, 2943.74, 3112305
1601617576, 13, 192, 1270, 550, 0, 3.62%, 0, 0, 19, 2919.39, 3126909
1601617581, 13, 218, 1271, 547, 0, 3.62%, 0, 0, 19, 2915.35, 3141635
1601617586, 13, 248, 1271, 543, 0, 3.62%, 0, 0, 19, 2891.35, 3156415
1601617591, 13, 744, 1276, 543, 1, 3.62%, 0, 0, 19, 2934.25, 3171132
1601617596, 13, 1225, 1279, 544, 1, 3.62%, 0, 0, 19, 2970.07, 3186768
1601617601, 13, 1236, 1279, 544, 2, 3.62%, 0, 0, 19, 3024.59, 3202049
1601617606, 13, 1278, 1279, 542, 1, 3.62%, 0, 0, 19, 2970.21, 3216941
1601617611, 14, 26, 1279, 541, 0, 3.62%, 0, 0, 19, 3001.00, 3232451
1601617616, 14, 82, 1280, 539, 0, 3.62%, 0, 0, 19, 3045.62, 3248166
1601617621, 14, 168, 1280, 537, 0, 3.62%, 0, 0, 19, 3010.55, 3263233
1601617626, 14, 183, 1281, 535, 0, 3.62%, 0, 0, 19, 2960.24, 3277966
1601617632, 14, 243, 1281, 534, 0, 3.62%, 0, 0, 19, 2929.33, 3293126
1601617637, 14, 261, 1281, 531, 0, 3.62%, 0, 0, 19, 2899.86, 3307616
1601617642, 14, 318, 1281, 527, 0, 3.62%, 0, 0, 19, 3034.16, 3323534
1601617647, 14, 360, 1281, 524, 0, 3.62%, 0, 0, 19, 3056.19, 3339415
1601617652, 14, 411, 1281, 521, 0, 3.62%, 0, 0, 19, 3039.35, 3355214
1601617657, 14, 956, 1285, 522, 1, 3.62%, 0, 0, 19, 2995.97, 3370659
1601617662, 14, 1191, 1288, 524, 1, 3.62%, 0, 0, 19, 3019.34, 3385903
1601617667, 14, 1237, 1290, 525, 1, 3.62%, 0, 0, 19, 2981.11, 3400968
1601617673, 14, 1282, 1290, 525, 1, 3.62%, 0, 0, 19, 2953.31, 3416448
1601617678, 14, 1285, 1299, 533, 0, 3.62%, 0, 0, 19, 2899.29, 3431543
1601617683, 14, 1298, 1307, 540, 1, 3.62%, 0, 0, 19, 2842.33, 3445870
1601617688, 14, 1301, 1307, 539, 1, 3.62%, 0, 0, 19, 2832.08, 3460258
1601617693, 15, 62, 1307, 537, 0, 3.62%, 0, 0, 19, 2987.04, 3475782
1601617698, 15, 121, 1307, 536, 0, 3.62%, 0, 0, 19, 3031.02, 3491296
1601617703, 15, 177, 1310, 539, 0, 3.62%, 0, 0, 19, 2994.25, 3506664
1601617708, 15, 230, 1310, 537, 0, 3.62%, 0, 0, 19, 2953.47, 3521351
1601617713, 15, 257, 1310, 534, 0, 3.62%, 0, 0, 19, 2942.86, 3536097
1601617719, 15, 305, 1310, 533, 0, 3.62%, 0, 0, 19, 3004.60, 3551628
1601617724, 15, 351, 1310, 529, 0, 3.62%, 0, 0, 19, 3027.98, 3567174
1601617729, 15, 392, 1311, 528, 0, 3.62%, 0, 0, 19, 3035.74, 3582803
1601617734, 15, 428, 1311, 525, 0, 3.62%, 0, 0, 19, 2927.10, 3597971
1601617739, 15, 444, 1313, 524, 0, 3.62%, 0, 0, 19, 2925.93, 3612701
1601617744, 15, 484, 1313, 520, 0, 3.62%, 0, 0, 19, 3025.51, 3628341
1601617749, 15, 506, 1313, 519, 0, 3.62%, 0, 0, 19, 3048.53, 3643799
1601617750, 15, 508, 1313, 518, 0, 0.00%, 0, 0, 19, 0.00, 3645535
